MEMORY
  total            13.3 MB
  struct          159.0 KB
  buffer          171.6 KB
  arena            13.0 MB, used 0.2%

SIZES
  narena                13631488
  nbuffer               175744
  nplugin               0
  maxuse_stack          888
  maxuse_arena          28936
  maxuse_con            0
  maxuse_efc            1
  ncon                  0
  ne                    1
  nf                    0
  nl                    0
  nefc                  1
  nJ                    6
  nA                    0
  nisland               0
  threadpool            0

TIMER
    0:  duration =  0.1        number = 1
    1:  duration =  0.093      number = 1
    2:  duration =  0          number = 0
    3:  duration =  0.073      number = 1
    4:  duration =  0.0042     number = 1
    5:  duration =  0.0024     number = 1
    6:  duration =  0.0061     number = 1
    7:  duration =  0.0039     number = 1
    8:  duration =  0.0068     number = 1
    9:  duration =  0.0057     number = 2
    10:  duration =  0.041      number = 1
    11:  duration =  0.0043     number = 1
    12:  duration =  0.00098    number = 1
    13:  duration =  0.0049     number = 1
    14:  duration =  0.022      number = 1

SOLVER STAT
  solver_fwdinv =   0         0       
  ISLAND 0
    solver_niter = 1
    solver_nnz = 36
      0:  improvement =  5.6e-30     gradient =  1.4e-31     lineslope =  0       
          nactive = 1   nchange = 0   neval = 2   nupdate = 0

ENERGY =   0         0       

TIME =  1.6e+02 

QPOS
   2.8e-23 
  -0.3     
   0.8     
   6.3e-05 
  -7.7e-21 
  -7.8e-20 

QVEL
  -3.1e-21 
  -1.4e-14 
   2.5e-14 
   3e-17   
  -1.1e-18 
   2.1e-17 

QACC_WARMSTART
  -6.2e-17 
  -3.6e-13 
   3.5e-13 
  -2.8e-15 
   2.3e-15 
  -3e-16   

CTRL
   0       
  -0.3     
   0.8     
   0       
   0       

QFRC_APPLIED
   0       
   0       
   0       
   0       
   0       
   0       

XFRC_APPLIED
   0         0         0         0         0         0       
   0         0         0         0         0         0       
   0         0         0         0         0         0       
   0         0         0         0         0         0       
   0         0         0         0         0         0       
   0         0         0         0         0         0       
   0         0         0         0         0         0       
   0         0         0         0         0         0       

EQ_ACTIVE             1

QACC
  -6.2e-17 
  -3.6e-13 
   3.5e-13 
  -2.8e-15 
   2.3e-15 
  -3e-16   

XPOS
   0         0         0       
   0.012     0         0.017   
   0.012     0         0.076   
  -0.0029   -5.1e-25   0.21    
   0.11      3.2e-24   0.15    
   0.18      0.021     0.11    
   0.18     -0.021     0.11    
   0.23      7.4e-24   0.079   

XQUAT
   1         0         0         0       
   1         0         0         1.7e-23 
   0.99      2.5e-24  -0.15      1.7e-23 
   0.97     -4.2e-24   0.25      1.7e-23 
   0.97     -4.2e-24   0.25      1.7e-23 
   0.97     -4.2e-24   0.25      1.7e-23 
   0.97     -4.2e-24   0.25      1.7e-23 
   0.97     -4.2e-24   0.25      1.7e-23 

XMAT
   1         0         0         0         1         0         0         0         1       
   1        -3.4e-23   0         3.4e-23   1         0         0         0         1       
   0.96     -3.4e-23  -0.3       3.3e-23   1        -1e-23     0.3      -7.3e-40   0.96    
   0.88     -3.4e-23   0.48      3e-23     1         1.6e-23  -0.48     -1.5e-39   0.88    
   0.88     -3.4e-23   0.48      3e-23     1         1.6e-23  -0.48      0         0.88    
   0.88     -3.4e-23   0.48      3e-23     1         1.6e-23  -0.48      0         0.88    
   0.88     -3.4e-23   0.48      3e-23     1         1.6e-23  -0.48      0         0.88    
   0.88     -3.4e-23   0.48      3e-23     1         1.6e-23  -0.48      0         0.88    

XIPOS
   0         0         0       
   0.012     0.00054   0.064   
  -0.0082    0.00038   0.18    
   0.077     0.00039   0.16    
   0.15      3.7e-07   0.13    
   0.18      0.021     0.11    
   0.18     -0.021     0.11    
   0.23      7.4e-24   0.079   

XIMAT
   1         0         0         0         1         0         0         0         1       
   1         0.009     0.024    -0.009     1        -0.002    -0.024     0.0018    1       
   0.018    -0.99     -0.16      1         0.017     0.0055   -0.0026   -0.16      0.99    
   0.48      0.006     0.88      0.0014   -1         0.006     0.88     -0.0016   -0.48    
   0.41     -0.91      0         0         0        -1         0.91      0.41      0       
   0.88     -3.4e-23   0.48      3e-23     1         1.6e-23  -0.48      0         0.88    
   0.88     -3.4e-23   0.48      3e-23     1         1.6e-23  -0.48      0         0.88    
   0.88     -3.4e-23   0.48      3e-23     1         1.6e-23  -0.48      0         0.88    

XANCHOR
   0.012     0         0.017   
   0.012     0         0.076   
  -0.0029   -5.1e-25   0.21    
   0.11      3.2e-24   0.15    
   0.18      0.021     0.11    
   0.18     -0.021     0.11    

XAXIS
   0         0         1       
  -3.4e-23   1         0       
  -3.4e-23   1        -7.3e-40 
  -3.4e-23   1        -1.5e-39 
  -3.4e-23   1         0       
   3.4e-23  -1         0       

GEOM_XPOS
   0.00016  -1.7e-09   0.018   
   0         0         0       
   0.011    -3e-05     0.068   
  -0.0029   -6.5e-05   0.16    
   0.06     -0.00016   0.17    
   0.14     -1.5e-06   0.13    
   0.19      0.031     0.1     
   0.19     -0.031     0.1     
   0.23      7.4e-24   0.079   

GEOM_XMAT
   0        -0.043     1         1         0         0         0         1         0.043   
   1         0         0         0         1         0         0         0         1       
  -0.0014   -1         0.063     1        -0.0016   -0.0028    0.0029    0.063     1       
   0.99     -0.0027   -0.14      0.0026    1        -0.00096   0.14      0.00057   0.99    
   0.48     -0.003     0.88     -0.0006   -1        -0.0031    0.88      0.00096  -0.48    
   0.39     -0.0043    0.92      0.00015  -1        -0.0047    0.92      0.002    -0.39    
   0.15      0.48      0.86      0.99     -0.00011  -0.17     -0.08      0.88     -0.47    
  -0.15      0.48      0.86      0.99     -0.00011   0.17      0.08      0.88     -0.47    
   0.88     -3.4e-23   0.48      3e-23     1         1.6e-23  -0.48      0         0.88    

LIGHT_XPOS
   0         0         1.5     

LIGHT_XDIR
   0         0        -1       

SUBTREE_COM
   0.062     0.0003    0.14    
   0.062     0.0003    0.14    
   0.074     0.00025   0.16    
   0.12      0.00019   0.15    
   0.15      3.6e-07   0.13    
   0.18      0.021     0.11    
   0.18     -0.021     0.11    
   0.23      7.4e-24   0.079   

CDOF
   0         0         1        -0.0003    0.05      0       
  -3.4e-23   1         0         0.063     2.1e-24  -0.05    
  -3.4e-23   1        -7.3e-40  -0.067    -2.3e-24  -0.065   
  -3.4e-23   1        -1.5e-39  -0.0073   -2.5e-25   0.044   
   0         0         0        -3.4e-23   1         0       
   0         0         0         3.4e-23  -1         0       

CINERT
   0         0         0         0         0         0         0         0         0         0       
   0.00058   0.00083   0.00027   1.2e-06  -0.00037   1.8e-06  -0.005     2.3e-05  -0.0073    0.098   
   0.00053   0.0012    0.00075   1.1e-06   0.00041  -1.9e-06  -0.0098    1e-05     0.0052    0.14    
   0.00015   0.00034   0.00023  -1.3e-06   4.7e-05   3.6e-07   0.0019    1.1e-05   0.0031    0.13    
   8.8e-05   0.0012    0.0012    3.8e-06   8e-05    -2.6e-07   0.012    -4.4e-05  -0.00087   0.14    
   2.4e-06   1.5e-05   1.5e-05  -2.4e-06   3.7e-06   6.6e-07   0.00012   2.1e-05  -3.2e-05   0.001   
   2.5e-06   1.5e-05   1.5e-05   2.5e-06   3.7e-06  -6.8e-07   0.00012  -2.1e-05  -3.2e-05   0.001   
   4.6e-06   3.2e-05   2.9e-05   5.1e-08   1e-05    -1.8e-08   0.00017  -3e-07    -6e-05     0.001   

ACTUATOR_LENGTH
   3.4e-23 
  -0.3     
   0.8     
   6.3e-05 
  -5.5e-21 

actuator_moment
--------
 x      |
  x     |
   x    |
    x   |
     x  |
--------

ACTUATOR_MOMENT
     0:  1       
     1:  1       
     2:  1       
     3:  1       
     4:  1       

CRB
   0         0         0         0         0         0         0         0         0         0       
   0.0014    0.0036    0.0025    4.9e-06   0.00018  -9.3e-08  -4.3e-18   1e-20     8.7e-18   0.52    
   0.00078   0.0028    0.0022    3.7e-06   0.00056  -1.9e-06   0.005    -2.3e-05   0.0073    0.42    
   0.00025   0.0016    0.0015    2.6e-06   0.00014   5.8e-08   0.015    -3.3e-05   0.0021    0.28    
   9.8e-05   0.0012    0.0012    3.9e-06   9.7e-05  -3e-07     0.013    -4.5e-05  -0.00099   0.15    
   2.4e-06   1.5e-05   1.5e-05  -2.4e-06   3.7e-06   6.6e-07   0.00012   2.1e-05  -3.2e-05   0.001   
   2.5e-06   1.5e-05   1.5e-05   2.5e-06   3.7e-06  -6.8e-07   0.00012  -2.1e-05  -3.2e-05   0.001   
   4.6e-06   3.2e-05   2.9e-05   5.1e-08   1e-05    -1.8e-08   0.00017  -3e-07    -6e-05     0.001   

QM
   0.1     
  -1.1e-05   0.11    
   2.9e-06   0.003     0.11    
   7.1e-10   0.00086   0.0012    0.1     
   0.00017   7.2e-43  -3.6e-43  -3.6e-43   0.1     
  -0.00017  -7.2e-43   3.6e-43   3.6e-43             0.1     

QLD
     0:  0.1     
     0: -0.0001     1:  0.11    
     0:  2.7e-05    1:  0.028      2:  0.11    
     0:  7e-09      1:  0.0086     2:  0.012      3:  0.1     
     0:  0.0016     1:  7.1e-42    2: -3.6e-42    3: -3.6e-42    4:  0.1     
     0: -0.0016     1: -7.1e-42    2:  3.6e-42    3:  3.6e-42    5:  0.1     

QLDIAGINV
   9.6     
   9.4     
   9.5     
   10      
   9.9     
   9.9     

QH
     0:  0.52    
     0: -2e-05      1:  0.53    
     0:  5.5e-06    1:  0.0057     2:  0.53    
     0:  1.4e-09    1:  0.0017     2:  0.0024     3:  0.52    
     0:  0.00032    1:  1.4e-42    2: -6.9e-43    3: -6.9e-43    4:  0.52    
     0: -0.0014     1: -5.9e-42    2:  3e-42      3:  3e-42      5:  0.12    

QHDIAGINV
   1.9     
   1.9     
   1.9     
   1.9     
   1.9     
   8.3     

B: body-dof matrix
--------
 xxxxxx |
 xxxxxx |
 xxxxxx |
 xxxxxx |
 xxxxxx |
 xxxxx  |
 xxxx x |
 xxxx   |
--------

B_rownnz              6 6 6 6 6 5 5 4

B_rowadr              0 6 12 18 24 30 35 40

B_colind              0 1 2 3 4 5 0 1 2 3 4 5 0 1 2 3 4 5 0 1 2 3 4 5 0 1 2 3 4 5 0 1 2 3 4 0 1 2 3 5 0 1 2 3

M: inertia matrix
--------
 x      |
 xx     |
 xxx    |
 xxxx   |
 xxxxx  |
 xxxx x |
--------

M_rownnz              1 2 3 4 5 5

M_rowadr              0 1 3 6 10 15

M_colind              0 0 1 0 1 2 0 1 2 3 0 1 2 3 4 0 1 2 3 5

mapM2M                0 2 1 5 4 3 9 8 7 6 14 13 12 11 10 19 18 17 16 15

C: reduced dof-dof matrix
--------
 x      |
 xx     |
 xxx    |
 xxxx   |
 xxxxx  |
 xxxx x |
--------

C_rownnz              1 2 3 4 5 5

C_rowadr              0 1 3 6 10 15

C_colind              0 0 1 0 1 2 0 1 2 3 0 1 2 3 4 0 1 2 3 5

mapM2C                0 2 1 5 4 3 9 8 7 6 14 13 12 11 10 19 18 17 16 15

D: dof-dof matrix
--------
 Dxxxxx |
 xDxxxx |
 xxDxxx |
 xxxDxx |
 xxxxD  |
 xxxx D |
--------

D_rownnz              6 6 6 6 5 5

D_rowadr              0 6 12 18 24 29

D_colind              0 1 2 3 4 5 0 1 2 3 4 5 0 1 2 3 4 5 0 1 2 3 4 5 0 1 2 3 4 0 1 2 3 5

mapM2D                0 2 5 9 14 19 2 1 4 8 13 18 5 4 3 7 12 17 9 8 7 6 11 16 14 13 12 11 10 19 18 17 16 15

mapD2M                0 7 6 14 13 12 21 20 19 18 28 27 26 25 24 33 32 31 30 29

QDERIV
     0: -2.1e+02    1:  0          2:  0          3:  0          4:  0          5:  0       
     0:  0          1: -2.1e+02    2:  0          3:  0          4:  0          5:  0       
     0:  0          1:  0          2: -2.1e+02    3:  0          4:  0          5:  0       
     0:  0          1:  0          2:  0          3: -2.1e+02    4:  0          5:  0       
     0:  0          1:  0          2:  0          3:  0          4: -2.1e+02 
     0:  0          1:  0          2:  0          3:  0          5: -10      

CONTACT
EFC_TYPE
  0

EFC_ID
  0

EFC_J
   0         0         0         0         1        -1       

EFC_POS
   1.2e-19 

EFC_MARGIN
   0       

EFC_FRICTIONLOSS
   0       

EFC_DIAGAPPROX
   20      

EFC_KBIP
   2.8e+03   1.1e+02   0.9       2.3e-14 

EFC_D
   0.45    

EFC_R
   2.2     

ACTUATOR_VELOCITY
   5.4e-21 
  -1.3e-14 
   2.5e-14 
   3e-17   
  -2e-18   

CVEL
   0         0         0         0         0         0       
   0         0         5.4e-21  -1.6e-24   2.7e-22   0       
   4.6e-37  -1.3e-14   5.4e-21  -8.4e-16   2.7e-22   6.8e-16 
  -3.9e-37   1.2e-14   5.4e-21  -2.5e-15   2.7e-22  -9.5e-16 
  -4e-37     1.2e-14   5.4e-21  -2.5e-15   2.7e-22  -9.5e-16 
  -4e-37     1.2e-14   5.4e-21  -2.5e-15  -2e-18    -9.5e-16 
  -4e-37     1.2e-14   5.4e-21  -2.5e-15  -2.2e-17  -9.5e-16 
  -4e-37     1.2e-14   5.4e-21  -2.5e-15   2.7e-22  -9.5e-16 

CDOF_DOT
   0         0         0         0         0         0       
  -5.4e-21  -1.8e-43   0        -1.1e-44   3.4e-22  -1.6e-24 
  -5.4e-21  -1.8e-43   8.4e-53   2e-16    -3.6e-22  -1.7e-15 
  -5.4e-21  -1.8e-43   0         1.5e-15  -4e-23    -2.4e-15 
   0         0        -0        -5.4e-21  -1.8e-43   0       
   0         0        -0         5.4e-21   1.8e-43   0       

QFRC_BIAS
   3e-34   
  -0.26    
  -0.32    
  -0.063   
  -3.1e-38 
   3.1e-38 

QFRC_SPRING
   0       
   0       
   0       
   0       
   0       
   0       

QFRC_DAMPER
  -5.4e-20 
   1.3e-13 
  -2.5e-13 
  -3e-16   
   2e-17   
  -2.2e-16 

QFRC_GRAVCOMP
   0       
   0       
   0       
   0       
   0       
   0       

QFRC_FLUID
   0       
   0       
   0       
   0       
   0       
   0       

QFRC_PASSIVE
  -5.4e-20 
   1.3e-13 
  -2.5e-13 
  -3e-16   
   2e-17   
  -2.2e-16 

EFC_VEL
  -2.4e-17 

EFC_AREF
   2.2e-15 

SUBTREE_LINVEL
   0         0         0       
   0         0         0       
   0         0         0       
   0         0         0       
   0         0         0       
   0         0         0       
   0         0         0       
   0         0         0       

SUBTREE_ANGMOM
   0         0         0       
   0         0         0       
   0         0         0       
   0         0         0       
   0         0         0       
   0         0         0       
   0         0         0       
   0         0         0       

ACTUATOR_FORCE
  -1.1e-18 
  -0.26    
  -0.32    
  -0.063   
   4.1e-16 

QFRC_ACTUATOR
  -1.1e-18 
  -0.26    
  -0.32    
  -0.063   
   4.1e-16 
   0       

QFRC_SMOOTH
  -1.2e-18 
  -3.7e-14 
   3.6e-14 
  -1.7e-16 
   4.3e-16 
  -2.2e-16 

QACC_SMOOTH
  -6.8e-17 
  -3.6e-13 
   3.5e-13 
  -2.8e-15 
   4.2e-15 
  -2.2e-15 

EFC_B
   4.2e-15 

EFC_FORCE
  -1.9e-16 

EFC_STATE
  1

QFRC_CONSTRAINT
   0       
   0       
   0       
   0       
  -1.9e-16 
   1.9e-16 

QFRC_INVERSE
   0       
   0       
   0       
   0       
   0       
   0       

CACC
   0         0         0         0         0         0       
   0         0         0         0         0         0       
   0         0         0         0         0         0       
   0         0         0         0         0         0       
   0         0         0         0         0         0       
   0         0         0         0         0         0       
   0         0         0         0         0         0       
   0         0         0         0         0         0       

CFRC_INT
   0         0         0         0         0         0       
   0         0         0         0         0         0       
   0         0         0         0         0         0       
   0         0         0         0         0         0       
   0         0         0         0         0         0       
   0         0         0         0         0         0       
   0         0         0         0         0         0       
   0         0         0         0         0         0       

CFRC_EXT
   0         0         0         0         0         0       
   0         0         0         0         0         0       
   0         0         0         0         0         0       
   0         0         0         0         0         0       
   0         0         0         0         0         0       
   0         0         0         0         0         0       
   0         0         0         0         0         0       
   0         0         0         0         0         0       

